# Time: 2018-09-18T16:14:29+02:00
# Header Rows: 22
# File Format: 2
# Device: APE PulseLink 150
# Serial: S07038
# Firmware: 787
# Software: 1.8.5.1
# Sensitivity: 1
# Gain: 270
# Scan Range [ps]: 1.5
# Filter ACF: 0
# Average: 0
# Trigger: 0
# Trigger Frequency [Hz]: N/A
# ACF [ps]: 0.000
# Fit Type: None
# Fit Pulse Duration [ps]: 0.000
# FWHM Valid: 0
# ==========
# Delay [ps]	Intensity [arb.u.]
# ==========
0.770193	0.208769
0.770442	0.204814
0.770689	0.190186
0.770935	0.174396
0.771179	0.159602
0.771423	0.144443
0.771666	0.141086
0.771907	0.141185
0.772147	0.148499
0.772387	0.162627
0.772625	0.176291
0.772862	0.191782
0.773098	0.203783
0.773333	0.208537
0.773566	0.202353
0.773799	0.191981
0.774031	0.176955
0.774261	0.162661
0.774491	0.149496
0.774719	0.137695
0.774946	0.137728
0.775173	0.143113
0.775398	0.155247
0.775622	0.170739
0.775845	0.184768
0.776067	0.200492
0.776288	0.205478
0.776508	0.206409
0.776727	0.201589
0.776945	0.188358
0.777162	0.175459
0.777378	0.156477
0.777593	0.144011
0.777807	0.137096
0.778020	0.136997
0.778232	0.145008
0.778443	0.156444
0.778653	0.171138
0.778862	0.186696
0.779069	0.198963
0.779276	0.208005
0.779482	0.207107
0.779687	0.201190
0.779891	0.189388
0.780095	0.175160
0.780297	0.159004
0.780498	0.146172
0.780698	0.137495
0.780897	0.135035
0.781096	0.142016
0.781293	0.150061
0.781490	0.167547
0.781685	0.180911
0.781880	0.194840
0.782073	0.204448
0.782266	0.211130
0.782458	0.205445
0.782649	0.196735
0.782839	0.182972
0.783028	0.169409
0.783216	0.152289
0.783404	0.141119
0.783590	0.135501
0.783776	0.134370
0.783960	0.140022
0.784144	0.150593
0.784327	0.164622
0.784509	0.181477
0.784690	0.193876
0.784871	0.202054
0.785050	0.209002
0.785229	0.208504
0.785407	0.200093
0.785583	0.189388
0.785760	0.173166
0.785935	0.159536
0.786109	0.144742
0.786283	0.137429
0.786456	0.134736
0.786628	0.137495
0.786799	0.144742
0.786969	0.155247
0.787139	0.169243
0.787307	0.182939
0.787475	0.196636
0.787642	0.205312
0.787809	0.207340
0.787974	0.207440
0.788139	0.202719
0.788303	0.191450
0.788466	0.175493
0.788629	0.161331
0.788790	0.150228
0.788951	0.139290
0.789111	0.133706
0.789271	0.134503
0.789429	0.137628
0.789587	0.147136
0.789745	0.158971
0.789901	0.172468
0.790057	0.185798
0.790189	0.197400
0.790342	0.206143
0.790584	0.207573
0.790690	0.208304
0.790837	0.201888
0.790959	0.191549
0.791082	0.179116
0.791270	0.164423
0.791368	0.151291
0.791463	0.142715
0.791621	0.134470
0.791757	0.132110
0.791915	0.135069
0.792115	0.141318
0.792268	0.151624
0.792485	0.161564
0.792609	0.176158
0.792752	0.187793
0.792847	0.198896
0.793029	0.207706
0.793121	0.209268
0.793236	0.211263
0.793417	0.206609
0.793553	0.195306
0.793600	0.180978
0.793757	0.168977
0.793889	0.157076
0.794018	0.145075
0.794235	0.137662
0.794339	0.132509
0.794486	0.131877
0.794633	0.135301
0.794711	0.142149
0.794766	0.153319
0.794843	0.163691
0.794940	0.176158
0.795123	0.189555
0.795281	0.198763
0.795459	0.207008
0.795571	0.210964
0.795725	0.210299
0.795789	0.205478
0.795897	0.196237
0.796075	0.186829
0.796230	0.175260
0.796405	0.161730
0.796510	0.150527
0.796612	0.140820
0.796735	0.134237
0.796835	0.131079
0.796935	0.132841
0.796990	0.136099
0.797224	0.143878
0.797326	0.152688
0.797426	0.163492
0.797526	0.174529
0.797713	0.187061
0.797834	0.197866
0.798001	0.204248
0.798187	0.209601
0.798391	0.211263
0.798525	0.208005
0.798682	0.202553
0.798862	0.194275
0.798951	0.183338
0.799059	0.171437
0.799253	0.159835
0.799376	0.148133
0.799473	0.140520
0.799546	0.133373
0.799685	0.131379
0.799867	0.131478
0.800051	0.134370
0.800169	0.139922
0.800309	0.146903
0.800470	0.155148
0.800632	0.165786
0.800663	0.177687
0.800735	0.189056
0.800850	0.198132
0.800966	0.206110
0.801059	0.210132
0.801151	0.210099
0.801267	0.208337
0.801405	0.205744
0.801545	0.199993
0.801574	0.192181
0.801713	0.179249
0.801850	0.170107
0.801920	0.157907
0.802057	0.150660
0.802169	0.140820
0.802189	0.134171
0.802316	0.131944
0.802530	0.130215
0.802697	0.129949
0.802819	0.131644
0.802873	0.139091
0.802992	0.143745
0.803066	0.151956
0.803205	0.162229
0.803319	0.171503
0.803406	0.180612
0.803488	0.191583
0.803590	0.200093
0.803732	0.205345
0.803760	0.210531
0.803829	0.212460
0.803918	0.212892
0.803981	0.209468
0.804041	0.203683
0.804120	0.199727
0.804197	0.191549
0.804248	0.181477
0.804322	0.173963
0.804504	0.163060
0.804529	0.155015
0.804617	0.145706
0.804768	0.139324
0.804828	0.135966
0.804909	0.131013
0.805010	0.129484
0.805133	0.129550
0.805278	0.130215
0.805334	0.136132
0.805409	0.137462
0.805479	0.144709
0.805592	0.150294
0.805749	0.158472
0.805837	0.167215
0.805881	0.174994
0.805989	0.184601
0.806140	0.191350
0.806222	0.197068
0.806304	0.204315
0.806339	0.208005
0.806460	0.211628
0.806536	0.210831
0.806631	0.210498
0.806701	0.208703
0.806835	0.203018
0.806901	0.198730
0.806922	0.192879
0.807009	0.187660
0.807099	0.178518
0.807256	0.169243
0.807300	0.162229
0.807366	0.154184
0.807434	0.146571
0.807479	0.142083
0.807569	0.137396
0.807528	0.133440
0.807623	0.130182
0.807674	0.127323
0.807725	0.129351
0.807801	0.128918
0.807898	0.132642
0.807994	0.134769
0.808067	0.140088
0.808006	0.145108
0.808053	0.149762
0.808099	0.156610
0.808121	0.163292
0.808185	0.169775
0.808271	0.176922
0.808354	0.185433
0.808436	0.191184
0.808516	0.195937
0.808594	0.202154
0.808692	0.204647
0.808743	0.208902
0.808724	0.211063
0.808813	0.211628
0.808921	0.210698
0.808963	0.211130
0.809029	0.208171
0.809072	0.204780
0.809179	0.202088
0.809239	0.196536
0.809295	0.191317
0.809326	0.187161
0.809377	0.179615
0.809404	0.175426
0.809496	0.168279
0.809498	0.162794
0.809610	0.157907
0.809698	0.152654
0.809695	0.145008
0.809780	0.142715
0.809865	0.137994
0.809881	0.134404
0.809939	0.132874
0.809953	0.128918
0.809968	0.126990
0.809984	0.127788
0.810024	0.126492
0.810061	0.127456
0.810051	0.128819
0.810105	0.131611
0.810180	0.132043
0.810295	0.136930
0.810298	0.138958
0.810347	0.142981
0.810350	0.147768
0.810395	0.149729
0.810416	0.155480
0.810459	0.157209
0.810612	0.164190
0.810629	0.166018
0.810668	0.172667
0.810706	0.176490
0.810743	0.180346
0.810846	0.185632
0.810881	0.188225
0.810805	0.192048
0.810816	0.197832
0.810761	0.197766
0.810769	0.202320
0.810776	0.203284
0.810782	0.207008
0.810787	0.207041
0.810902	0.210698
0.810972	0.210199
0.811018	0.212327
0.811061	0.211961
0.811172	0.211761
0.811150	0.211761
0.811149	0.213257
0.811170	0.210132
0.811146	0.210332
0.811186	0.206176
0.811183	0.207340
0.811179	0.205312
0.811243	0.202852
0.811329	0.200625
0.811394	0.199262
0.811393	0.196336
0.811392	0.195206
0.811475	0.190585
0.811466	0.187627
0.811544	0.186962
0.811554	0.181277
0.811651	0.179615
0.811768	0.176523
0.811862	0.174495
0.811952	0.171404
0.811948	0.169243
0.812006	0.167315
0.811997	0.164755
0.812031	0.160600
0.812087	0.158671
0.812121	0.156943
0.812221	0.152787
0.812254	0.152821
0.812200	0.151192
0.812214	0.147103
0.812273	0.145939
0.812330	0.145108
0.812406	0.143180
0.812416	0.140986
0.812400	0.140986
0.812336	0.138759
0.812379	0.137429
0.812442	0.136963
0.812437	0.135102
0.812452	0.136432
0.812401	0.132509
0.812392	0.133273
0.812358	0.131545
0.812321	0.131079
0.812330	0.129417
0.812339	0.130049
0.812324	0.131146
0.812330	0.130414
0.812313	0.128353
0.812297	0.128387
0.812302	0.128586
0.812372	0.127323
0.812397	0.128187
0.812402	0.129018
0.812450	0.128752
0.812454	0.127988
0.812480	0.126824
0.812529	0.127888
0.812600	0.128087
0.812669	0.126159
0.812736	0.127722
0.812804	0.126159
0.812784	0.126758
0.812785	0.127788
0.812875	0.127256
0.812877	0.128154
0.812921	0.126857
0.813006	0.126425
0.813001	0.127356
0.812992	0.127290
0.813023	0.126492
0.812986	0.127722
0.812974	0.127589
0.813006	0.127024
0.813038	0.126724
0.813004	0.127323
0.812947	0.127622
0.812890	0.126758
0.812898	0.127356
0.812883	0.126093
0.812800	0.125794
0.812828	0.128686
0.812813	0.125927
0.812796	0.128653
0.812779	0.128453
0.812784	0.127256
0.812788	0.128752
0.812769	0.130182
0.812794	0.129018
0.812862	0.129284
0.812860	0.128719
0.812897	0.130049
0.812911	0.131013
0.812940	0.130348
0.813009	0.132276
0.813007	0.132874
0.813047	0.133905
0.813039	0.133972
0.813114	0.134902
0.813076	0.136265
0.813058	0.137229
0.813057	0.137263
0.813032	0.138094
0.812959	0.138759
0.812928	0.141185
0.812897	0.144643
0.812821	0.145241
0.812721	0.146272
0.812707	0.149762
0.812668	0.150992
0.812650	0.152289
0.812585	0.154715
0.812519	0.155646
0.812450	0.160001
0.812421	0.161697
0.812345	0.163990
0.812288	0.165353
0.812275	0.168312
0.812239	0.170905
0.812246	0.175360
0.812161	0.178884
0.812161	0.180778
0.812159	0.183338
0.812068	0.186563
0.812045	0.187327
0.811956	0.191450
0.812003	0.193411
0.812006	0.196968
0.811986	0.199561
0.811989	0.200990
0.811948	0.203583
0.811907	0.203883
0.811885	0.205977
0.811839	0.209168
0.811904	0.210265
0.811879	0.210531
0.811897	0.212293
0.811869	0.211628
0.811840	0.214521
0.811787	0.212659
0.811776	0.211662
0.811740	0.210731
0.811679	0.210598
0.811594	0.207539
0.811509	0.206642
0.811464	0.203617
0.811463	0.203185
0.811327	0.198996
0.811255	0.196270
0.811270	0.191682
0.811220	0.189222
0.811212	0.185565
0.811133	0.181011
0.811074	0.176756
0.810967	0.172035
0.810860	0.167182
0.810861	0.163758
0.810838	0.157940
0.810788	0.154981
0.810779	0.150527
0.810636	0.146538
0.810579	0.142715
0.810519	0.137795
0.810351	0.134370
0.810249	0.133905
0.810190	0.131611
0.810128	0.128453
0.810109	0.127821
0.810112	0.128054
0.810136	0.128154
0.810048	0.129317
0.809896	0.131312
0.809854	0.132841
0.809766	0.137529
0.809612	0.140886
0.809456	0.145507
0.809496	0.148865
0.809403	0.154915
0.809332	0.161397
0.809238	0.165852
0.809144	0.173565
0.809094	0.177787
0.808996	0.183438
0.808851	0.190652
0.808795	0.196137
0.808717	0.201123
0.808660	0.205711
0.808534	0.207174
0.808494	0.210365
0.808476	0.212725
0.808437	0.213224
0.808419	0.210764
0.808400	0.211861
0.808334	0.209335
0.808269	0.203517
0.808183	0.200226
0.808116	0.193411
0.808002	0.188491
0.807909	0.183305
0.807835	0.177022
0.807782	0.168312
0.807727	0.162195
0.807628	0.155746
0.807575	0.148998
0.807521	0.143645
0.807445	0.139290
0.807435	0.134703
0.807402	0.130448
0.807281	0.129251
0.807205	0.128220
0.807063	0.128985
0.807035	0.130182
0.806984	0.132309
0.806885	0.136531
0.806828	0.143113
0.806769	0.147468
0.806707	0.156710
0.806619	0.163758
0.806507	0.170972
0.806347	0.179149
0.806205	0.184967
0.806126	0.194142
0.805933	0.199162
0.805831	0.205212
0.805664	0.210166
0.805542	0.213623
0.805487	0.214587
0.805340	0.213058
0.805171	0.208769
0.805184	0.206542
0.805130	0.201556
0.805076	0.194574
0.804886	0.186796
0.804740	0.180413
0.804640	0.170207
0.804517	0.162827
0.804482	0.154250
0.804377	0.145972
0.804205	0.139590
0.804121	0.136432
0.803992	0.130581
0.803996	0.129317
0.803868	0.129617
0.803847	0.132043
0.803759	0.133938
0.803717	0.140620
0.803630	0.145873
0.803564	0.154250
0.803475	0.163857
0.803408	0.173033
0.803365	0.181975
0.803320	0.190685
0.803183	0.198663
0.803156	0.205512
0.803041	0.208504
0.802948	0.213357
0.802920	0.210764
0.802869	0.210764
0.802793	0.206343
0.802672	0.198464
0.802527	0.191782
0.802467	0.184967
0.802274	0.172301
0.802195	0.162428
0.802094	0.154416
0.802015	0.145640
0.801936	0.138293
0.801832	0.133506
0.801615	0.131744
0.801554	0.129750
0.801402	0.132110
0.801292	0.136365
0.801248	0.144310
0.801227	0.151458
0.801160	0.162129
0.801091	0.173299
0.801043	0.185133
0.800996	0.195040
0.800951	0.202786
0.800818	0.207539
0.800753	0.212592
0.800754	0.214354
0.800666	0.210099
0.800624	0.204348
0.800516	0.196436
0.800455	0.188857
0.800372	0.176158
0.800334	0.163060
0.800273	0.156112
0.800255	0.143512
0.800211	0.138326
0.800095	0.133672
0.800043	0.132409
0.799900	0.131644
0.799754	0.135334
0.799603	0.143246
0.799472	0.153153
0.799361	0.162827
0.799268	0.175393
0.799060	0.186131
0.798917	0.198364
0.798775	0.205744
0.798588	0.209601
0.798466	0.214255
0.798344	0.210132
0.798222	0.205212
0.798145	0.197367
0.798067	0.186762
0.798012	0.175094
0.797910	0.164057
0.797764	0.153419
0.797661	0.143113
0.797513	0.135501
0.797434	0.131678
0.797352	0.131379
0.797224	0.135168
0.797181	0.141086
0.797091	0.154317
0.796999	0.163891
0.796884	0.176756
0.796745	0.189256
0.796627	0.198331
0.796440	0.208271
0.796339	0.212127
0.796303	0.212360
0.796179	0.209301
0.796142	0.200758
0.796040	0.190785
0.795935	0.180180
0.795806	0.167680
0.795741	0.153552
0.795631	0.145773
0.795520	0.136930
0.795385	0.133240
0.795293	0.133706
0.795131	0.136830
0.795055	0.144443
0.794952	0.155580
0.794822	0.169675
0.794712	0.181344
0.794601	0.193910
0.794442	0.204780
0.794279	0.210831
0.794138	0.214454
0.794040	0.209002
0.793919	0.201256
0.793796	0.189920
0.793647	0.177521
0.793541	0.165919
0.793412	0.153884
0.793215	0.142582
0.793106	0.135999
0.792928	0.134204
0.792811	0.135301
0.792626	0.143180
0.792549	0.152289
0.792426	0.166617
0.792278	0.180679
0.792146	0.194275
0.792007	0.203982
0.791861	0.212327
0.791757	0.212327
0.791539	0.208936
0.791342	0.200758
0.791236	0.187460
0.791044	0.174362
0.790874	0.160134
0.790657	0.148499
0.790483	0.140255
0.790262	0.135069
0.790016	0.134902
0.789858	0.139889
0.789788	0.150161
0.789607	0.164622
0.789467	0.180346
0.789263	0.192281
0.789084	0.205977
0.788837	0.211928
0.788698	0.211097
0.788559	0.205877
0.788439	0.196636
0.788274	0.182075
0.788064	0.168146
0.787853	0.153519
0.787730	0.142548
0.787542	0.135800
0.787374	0.135733
0.787183	0.138958
0.787013	0.151225
0.786820	0.164090
0.786602	0.177919
0.786407	0.192846
0.786188	0.206775
0.785966	0.210498
0.785764	0.211063
0.785605	0.203052
0.785469	0.193112
0.785240	0.178152
0.785034	0.163159
0.784871	0.150394
0.784682	0.140720
0.784470	0.134470
0.784298	0.139590
0.784191	0.146371
0.784058	0.159370
0.783856	0.175426
0.783674	0.191217
0.783467	0.203085
0.783279	0.211828
0.783112	0.208936
0.782945	0.205179
0.782865	0.193777
0.782695	0.177820
0.782436	0.162096
0.782175	0.147768
0.781979	0.140653
0.781714	0.137495
0.781514	0.139756
0.781266	0.150859
0.781061	0.166018
0.780877	0.179515
0.780647	0.196004
0.780414	0.206143
0.780226	0.211429
0.780105	0.209335
0.779983	0.200060
0.779818	0.184635
0.779606	0.169841
0.779415	0.155114
0.779313	0.143147
0.779100	0.137795
0.778929	0.139822
0.778753	0.147036
0.778532	0.160600
0.778379	0.178451
0.778249	0.194275
0.778094	0.207373
0.777891	0.211429
0.777707	0.209202
0.777545	0.198265
0.777316	0.183305
0.777133	0.168910
0.776882	0.153552
0.776676	0.143679
0.776358	0.138892
0.776216	0.141983
0.776029	0.150560
0.775751	0.166849
0.775562	0.184834
0.775349	0.199428
0.775137	0.209667
0.774903	0.211097
0.774644	0.203118
0.774450	0.190984
0.774211	0.175559
0.774016	0.161298
0.773821	0.147568
0.773623	0.141518
0.773442	0.141551
0.773192	0.148599
0.772963	0.163758
0.772779	0.180047
0.772526	0.196203
0.772385	0.206343
0.772223	0.213324
0.772016	0.205911
0.771831	0.192281
0.771578	0.177554
0.771325	0.161763
0.771206	0.148665
0.770977	0.142050
0.770792	0.143745
0.770583	0.152555
0.770417	0.167415
0.770225	0.184003
0.769985	0.199661
0.769764	0.209667
0.769542	0.208570
0.769341	0.199827
0.769159	0.186663
0.768977	0.171238
0.768795	0.154882
0.768544	0.145374
0.768336	0.143280
0.768148	0.147635
0.767939	0.160932
0.767731	0.180180
0.767524	0.195339
0.767250	0.207373
0.767065	0.209700
0.766831	0.204115
0.766571	0.190220
0.766373	0.173598
0.766105	0.156178
0.765881	0.146737
0.765679	0.142748
0.765494	0.148532
0.765330	0.161730
0.765096	0.180047
0.764837	0.196237
0.764599	0.206908
0.764451	0.209601
0.764215	0.202154
0.764025	0.188857
0.763792	0.172434
0.763603	0.157475
0.763436	0.145939
0.763201	0.144609
0.762923	0.152255
0.762690	0.166251
0.762390	0.183305
0.762245	0.201556
0.762012	0.210531
0.761867	0.206176
0.761677	0.196602
0.761441	0.180014
0.761225	0.165486
0.760962	0.152089
0.760697	0.145740
0.760497	0.148200
0.760294	0.161165
0.760069	0.177321
0.759844	0.192713
0.759684	0.205844
0.759455	0.208769
0.759180	0.200791
0.759015	0.186097
0.758801	0.168910
0.758586	0.154483
0.758302	0.147801
0.758041	0.146804
0.757758	0.156976
0.757561	0.174396
0.757363	0.192547
0.757118	0.205345
0.756872	0.207174
0.756604	0.201423
0.756313	0.188491
0.755974	0.172667
0.755745	0.155048
0.755557	0.149230
0.755277	0.148166
0.755017	0.160999
0.754779	0.176656
0.754519	0.193178
0.754237	0.205911
0.753954	0.207141
0.753671	0.200093
0.753387	0.186031
0.753190	0.169442
0.752924	0.155846
0.752702	0.148000
0.752501	0.152954
0.752274	0.164655
0.751998	0.182008
0.751743	0.199428
0.751421	0.207606
0.751142	0.206808
0.750817	0.193710
0.750489	0.179748
0.750156	0.164157
0.749906	0.153220
0.749651	0.150527
0.749369	0.158173
0.749176	0.174861
0.748893	0.189488
0.748656	0.204215
0.748331	0.206841
0.748008	0.200060
0.747731	0.184502
0.747454	0.169110
0.747243	0.156677
0.746987	0.151557
0.746663	0.158007
0.746468	0.170872
0.746159	0.187460
0.746005	0.201489
0.745742	0.205944
0.745458	0.199960
0.745174	0.185665
0.744932	0.171005
0.744620	0.158339
0.744373	0.154383
0.744104	0.156876
0.743836	0.169974
0.743545	0.190120
0.743322	0.202254
0.743053	0.205312
0.742761	0.200326
0.742449	0.187826
0.742182	0.170938
0.741960	0.158771
0.741736	0.153984
0.741469	0.160267
0.741223	0.172468
0.740956	0.188391
0.740667	0.201589
0.740356	0.205146
0.740155	0.197234
0.739909	0.184369
0.739576	0.169143
0.739309	0.158871
0.739042	0.155646
0.738731	0.161331
0.738440	0.178618
0.738145	0.194807
0.737913	0.204847
0.737634	0.202287
0.737355	0.193876
0.737051	0.178917
0.736814	0.164822
0.736530	0.156278
0.736221	0.159203
0.735888	0.169043
0.735645	0.186962
0.735403	0.199129
0.735117	0.205179
0.734897	0.198663
0.734610	0.184734
0.734344	0.171138
0.734035	0.161198
0.733791	0.158505
0.733546	0.166683
0.733321	0.180014
0.733051	0.196237
0.732715	0.203982
0.732357	0.201157
0.732088	0.190153
0.731796	0.177421
0.731503	0.164954
0.731210	0.159270
0.730939	0.164722
0.730643	0.177953
0.730277	0.191383
0.730024	0.201622
0.729771	0.201855
0.729450	0.193810
0.729127	0.180745
0.728780	0.166351
0.728454	0.161663
0.728150	0.163658
0.727913	0.174695
0.727653	0.191716
0.727415	0.201323
0.727198	0.202320
0.726936	0.194076
0.726653	0.179781
0.726346	0.170739
0.726106	0.161796
0.725844	0.165420
0.725623	0.176424
0.725444	0.190751
0.725218	0.199428
0.724969	0.201855
0.724696	0.193943
0.724466	0.179914
0.724192	0.168379
0.723874	0.163359
0.723512	0.167913
0.723148	0.178684
0.722916	0.194009
0.722683	0.201655
0.722427	0.200791
0.722145	0.190585
0.721907	0.176989
0.721602	0.170340
0.721339	0.166085
0.721053	0.171038
0.720853	0.183604
0.720630	0.197500
0.720383	0.201655
0.720155	0.197699
0.719902	0.187859
0.719624	0.176623
0.719364	0.168179
0.719012	0.168910
0.718768	0.177221
0.718498	0.190818
0.718138	0.197134
0.717867	0.199993
0.717504	0.193544
0.717251	0.180047
0.716906	0.173764
0.716626	0.168478
0.716345	0.173299
0.715973	0.182673
0.715755	0.196569
0.715490	0.200525
0.715137	0.197600
0.714896	0.184701
0.714566	0.176158
0.714233	0.169176
0.713855	0.173365
0.713519	0.180479
0.713247	0.192879
0.712931	0.198996
0.712592	0.197134
0.712205	0.188956
0.711817	0.178784
0.711493	0.173166
0.711210	0.172767
0.710903	0.178983
0.710594	0.191117
0.710327	0.197101
0.710036	0.199727
0.709701	0.192214
0.709387	0.183039
0.709047	0.174362
0.708685	0.174063
0.708435	0.178518
0.708096	0.188125
0.707846	0.196835
0.707485	0.197600
0.707167	0.192414
0.706826	0.182740
0.706482	0.177055
0.706115	0.175493
0.705769	0.180080
0.705401	0.188158
0.705121	0.196137
0.704751	0.197799
0.704357	0.194209
0.704031	0.185034
0.703747	0.177255
0.703414	0.177055
0.703034	0.181344
0.702721	0.188790
0.702339	0.197334
0.701932	0.198830
0.701568	0.192148
0.701248	0.184103
0.700993	0.179748
0.700671	0.177654
0.700346	0.182906
0.699974	0.190286
0.699664	0.197433
0.699308	0.196602
0.698997	0.190153
0.698620	0.183970
0.698267	0.179814
0.697915	0.180213
0.697536	0.185532
0.697220	0.190751
0.696838	0.195638
0.696499	0.195140
0.696159	0.189023
0.695842	0.183737
0.695504	0.180346
0.695166	0.182540
0.694807	0.188724
0.694404	0.193976
0.694087	0.197367
0.693703	0.194209
0.693339	0.188823
0.692928	0.183371
0.692536	0.181875
0.692168	0.186530
0.691822	0.191649
0.691520	0.195805
0.691131	0.197035
0.690786	0.189721
0.690420	0.185167
0.689984	0.182640
0.689568	0.185599
0.689238	0.188990
0.688838	0.193843
0.688526	0.194807
0.688190	0.193178
0.687875	0.187095
0.687628	0.185200
0.687271	0.186463
0.686935	0.190452
0.686533	0.192879
0.686130	0.195937
0.685860	0.195971
0.685429	0.188624
0.685041	0.183205
0.684674	0.186629
0.684284	0.187926
0.683984	0.192048
0.683595	0.195007
0.683227	0.196104
0.682877	0.191616
0.682525	0.187693
0.682215	0.185665
0.681860	0.188524
0.681505	0.191649
0.681192	0.197733
0.680832	0.197899
0.680492	0.193577
0.680155	0.187128
0.679753	0.186097
0.679416	0.187992
0.679075	0.192646
0.678733	0.197566
0.678410	0.195971
0.678062	0.191716
0.677781	0.188291
0.677432	0.184535
0.676928	0.188258
0.676581	0.194109
0.676214	0.197899
0.675893	0.198697
0.675504	0.195339
0.675161	0.187460
0.674753	0.185865
0.674410	0.187527
0.674063	0.195937
0.673777	0.199827
0.673378	0.201722
0.673024	0.194109
0.672647	0.188757
0.672225	0.185300
0.671868	0.187494
0.671556	0.195871
0.671134	0.199893
0.670780	0.200658
0.670446	0.197899
0.670111	0.190186
0.669729	0.183371
0.669390	0.189189
0.669052	0.195937
0.668670	0.204681
0.668285	0.200625
0.667898	0.198198
0.667531	0.187926
0.667210	0.182274
0.666934	0.187660
0.666527	0.199062
0.666164	0.206775
0.665781	0.205279
0.665465	0.197101
0.665147	0.189388
0.664761	0.182507
0.664485	0.188757
0.664164	0.201024
0.663777	0.208404
0.663433	0.207074
0.663025	0.197300
0.662708	0.185898
0.662369	0.183172
0.662076	0.187793
0.661737	0.202520
0.661374	0.207839
0.660968	0.203816
0.660583	0.196336
0.660306	0.184668
0.659941	0.180845
0.659554	0.191682
0.659235	0.206609
0.658913	0.212626
0.658500	0.206044
0.658063	0.193810
0.657688	0.184003
0.657312	0.182108
0.656869	0.195572
0.656493	0.207872
0.656160	0.213490
0.655828	0.204814
0.655520	0.192081
0.655191	0.179515
0.654795	0.184635
0.654399	0.200625
0.654003	0.214188
0.653627	0.215751
0.653229	0.203683
0.652898	0.186629
0.652542	0.179615
0.652185	0.187660
0.651824	0.205545
0.651373	0.218277
0.650986	0.212792
0.650574	0.197300
0.650137	0.181344
0.649766	0.180114
0.649324	0.194907
0.648947	0.214687
0.648546	0.221003
0.648141	0.208404
0.647866	0.189422
0.647457	0.177421
0.647112	0.183039
0.646721	0.203318
0.646371	0.221601
0.645974	0.220804
0.645574	0.203517
0.645218	0.184568
0.644815	0.176889
0.644428	0.192181
0.644084	0.211961
0.643673	0.225757
0.643282	0.215318
0.642868	0.192846
0.642499	0.177321
0.642108	0.181244
0.641713	0.204415
0.641359	0.223696
0.640961	0.224194
0.640561	0.206642
0.640206	0.182474
0.639719	0.176789
0.639276	0.193677
0.638875	0.217380
0.638406	0.230278
0.637958	0.217280
0.637486	0.191716
0.637125	0.176191
0.636674	0.183538
0.636223	0.209335
0.635860	0.233170
0.635387	0.228516
0.635024	0.204548
0.634593	0.181177
0.634183	0.175892
0.633751	0.197101
0.633341	0.223862
0.632929	0.234267
0.632561	0.217213
0.632214	0.186729
0.631800	0.172534
0.631320	0.186962
0.630886	0.216515
0.630519	0.237924
0.630152	0.224760
0.629716	0.197035
0.629298	0.173664
0.628922	0.178917
0.628480	0.209401
0.628081	0.237326
0.627681	0.235697
0.627261	0.208703
0.626863	0.177255
0.626395	0.171038
0.625927	0.197799
0.625503	0.231741
0.625053	0.241182
0.624602	0.218078
0.624171	0.185532
0.623763	0.169043
0.623419	0.191450
0.623053	0.227253
0.622621	0.244872
0.622165	0.227585
0.621708	0.191616
0.621317	0.169110
0.620881	0.182607
0.620489	0.219873
0.620073	0.247631
0.619679	0.233935
0.619327	0.198431
0.618972	0.170506
0.618573	0.175459
0.618172	0.214521
0.617792	0.249061
0.617343	0.242212
0.616981	0.204946
0.616617	0.170739
0.616209	0.171204
0.615780	0.209634
0.615371	0.247831
0.615006	0.248363
0.614533	0.210398
0.614127	0.171836
0.613721	0.168545
0.613337	0.205711
0.612864	0.247066
0.612501	0.251354
0.612133	0.214687
0.611717	0.173963
0.611298	0.167115
0.610855	0.201855
0.610454	0.246634
0.610009	0.253881
0.609586	0.219407
0.609187	0.174495
0.608656	0.166583
0.608234	0.200326
0.607790	0.249626
0.607326	0.259000
0.606909	0.221302
0.606448	0.175559
0.606032	0.163691
0.605595	0.203916
0.605176	0.252152
0.604756	0.259998
0.604246	0.219341
0.603846	0.173166
0.603444	0.163525
0.602909	0.202254
0.602504	0.256673
0.602096	0.261859
0.601688	0.217712
0.601325	0.170839
0.600893	0.164855
0.600414	0.208537
0.599999	0.261294
0.599492	0.262292
0.599049	0.212925
0.598496	0.166384
0.598096	0.165619
0.597741	0.216316
0.597321	0.265151
0.596946	0.259931
0.596524	0.207107
0.596145	0.161763
0.595721	0.169442
0.595364	0.225059
0.594959	0.271999
0.594461	0.257438
0.593959	0.198398
0.593522	0.159503
0.593062	0.177321
0.592603	0.236661
0.592210	0.277683
0.591750	0.253648
0.591268	0.190951
0.590875	0.156245
0.590396	0.184601
0.589917	0.251155
0.589457	0.283767
0.588953	0.243542
0.588515	0.181809
0.588142	0.155114
0.587764	0.196104
0.587403	0.264685
0.586928	0.281407
0.586496	0.231309
0.586063	0.169077
0.585648	0.156976
0.585253	0.211994
0.584857	0.275356
0.584459	0.275456
0.583972	0.215784
0.583547	0.158838
0.583161	0.166783
0.582595	0.229347
0.582118	0.286825
0.581640	0.266613
0.581206	0.198298
0.580816	0.152089
0.580402	0.180014
0.579964	0.254047
0.579458	0.292876
0.578950	0.250922
0.578551	0.179582
0.578128	0.151890
0.577617	0.200625
0.577127	0.278249
0.576635	0.290017
0.576232	0.228450
0.575718	0.158572
0.575181	0.161298
0.574709	0.230677
0.574260	0.297463
0.573765	0.276221
0.573292	0.200159
0.572886	0.148865
0.572392	0.180712
0.571919	0.261527
0.571468	0.302184
0.570972	0.251188
0.570541	0.172866
0.570131	0.151358
0.569654	0.209667
0.569200	0.291878
0.568724	0.295036
0.568337	0.218477
0.567880	0.152222
0.567399	0.165819
0.566895	0.249991
0.566346	0.309265
0.565952	0.268841
0.565513	0.181477
0.565048	0.145806
0.564605	0.200492
0.564140	0.286892
0.563629	0.306904
0.563228	0.233336
0.562694	0.155247
0.562224	0.161663
0.561706	0.244938
0.561231	0.315116
0.560731	0.277717
0.560229	0.187061
0.559660	0.143579
0.559200	0.196569
0.558823	0.290981
0.558310	0.311326
0.557793	0.231807
0.557295	0.151624
0.556750	0.158106
0.556249	0.250789
0.555767	0.319969
0.555284	0.281872
0.554779	0.183870
0.554251	0.140520
0.553699	0.202021
0.553188	0.301918
0.552697	0.315315
0.552226	0.227020
0.551751	0.147867
0.551320	0.163592
0.550844	0.262591
0.550366	0.329710
0.549929	0.277018
0.549468	0.172567
0.549049	0.141385
0.548517	0.216715
0.548029	0.315947
0.547562	0.311824
0.547028	0.212160
0.546605	0.139689
0.546048	0.173598
0.545534	0.285895
0.544977	0.332868
0.544445	0.258402
0.543957	0.159403
0.543445	0.146737
0.542889	0.240052
0.542310	0.336824
0.541819	0.301320
0.541395	0.190884
0.540928	0.134670
0.540330	0.198431
0.539821	0.314251
0.539332	0.331039
0.538796	0.232140
0.538258	0.140986
0.537743	0.161165
0.537186	0.278182
0.536674	0.346065
0.536186	0.273794
0.535675	0.160367
0.535163	0.139091
0.534720	0.237492
0.534188	0.344436
0.533722	0.313553
0.533233	0.192081
0.532679	0.131644
0.532215	0.199062
0.531725	0.321066
0.531188	0.341046
0.530696	0.229115
0.530226	0.135767
0.529733	0.166384
0.529198	0.290948
0.528730	0.355739
0.528217	0.266713
0.527681	0.153951
0.527233	0.145075
0.526649	0.256108
0.526130	0.358864
0.525631	0.307503
0.525085	0.175393
0.524561	0.131079
0.524015	0.221535
0.523511	0.346697
0.522959	0.330009
0.522408	0.200924
0.521904	0.127190
0.521355	0.192380
0.520849	0.329809
0.520475	0.352049
0.520011	0.232771
0.519545	0.130281
0.519010	0.168545
0.518564	0.306373
0.517984	0.369070
0.517379	0.262059
0.516796	0.139856
0.516235	0.150228
0.515696	0.284997
0.515135	0.373990
0.514662	0.289285
0.514210	0.154051
0.513735	0.137196
0.513261	0.257704
0.512764	0.374522
0.512312	0.314750
0.511839	0.170406
0.511389	0.128087
0.510961	0.239487
0.510488	0.369801
0.509972	0.335062
0.509475	0.184369
0.508956	0.123566
0.508547	0.219175
0.508026	0.363053
0.507527	0.351850
0.507094	0.199295
0.506571	0.120275
0.506046	0.200891
0.505609	0.355141
0.505080	0.366410
0.504593	0.217778
0.504104	0.120275
0.503569	0.185765
0.503056	0.348060
0.502566	0.378312
0.502143	0.232572
0.501630	0.122835
0.501160	0.176158
0.500644	0.339317
0.500107	0.387321
0.499589	0.247066
0.499047	0.122868
0.498528	0.167282
0.497964	0.332369
0.497375	0.397260
0.496895	0.256407
0.496348	0.125029
0.495803	0.158937
0.495281	0.325887
0.494784	0.403277
0.494308	0.263954
0.493807	0.126924
0.493330	0.155480
0.492809	0.323194
0.492357	0.404275
0.491840	0.271301
0.491301	0.128918
0.490832	0.151657
0.490300	0.321000
0.489744	0.409594
0.489228	0.273262
0.488618	0.127323
0.488095	0.150660
0.487573	0.322662
0.487028	0.413118
0.486460	0.276287
0.485890	0.126093
0.485362	0.150494
0.484832	0.325388
0.484280	0.414248
0.483683	0.272996
0.482996	0.123932
0.482532	0.154017
0.481983	0.334696
0.481522	0.419301
0.481037	0.268508
0.480483	0.121139
0.479884	0.157973
0.479371	0.345533
0.478858	0.421794
0.478302	0.260397
0.477702	0.117882
0.477167	0.163857
0.476699	0.356737
0.476229	0.421063
0.475691	0.251521
0.475133	0.113028
0.474620	0.175293
0.474217	0.372394
0.473744	0.419500
0.473205	0.238423
0.472688	0.109936
0.472215	0.187494
0.471718	0.387620
0.471242	0.412619
0.470721	0.220671
0.470221	0.107044
0.469721	0.204814
0.469175	0.404175
0.468627	0.401915
0.468167	0.200060
0.467618	0.103986
0.467157	0.226787
0.466584	0.426149
0.466009	0.386656
0.465478	0.179947
0.464970	0.108407
0.464486	0.256042
0.463935	0.441674
0.463360	0.363385
0.462828	0.155945
0.462296	0.115422
0.461785	0.291546
0.461251	0.456168
0.460675	0.329311
0.460251	0.133739
0.459736	0.131744
0.459218	0.330142
0.458721	0.459060
0.458221	0.294139
0.457698	0.115787
0.457219	0.151790
0.456566	0.370699
0.455910	0.452544
0.455320	0.255643
0.454797	0.103886
0.454226	0.184070
0.453679	0.413915
0.453113	0.435358
0.452545	0.212293
0.452042	0.099033
0.451517	0.225125
0.450970	0.445497
0.450446	0.401981
0.449899	0.173731
0.449351	0.104950
0.448800	0.278282
0.448268	0.473953
0.447732	0.356271
0.447171	0.136332
0.446586	0.121937
0.445954	0.331904
0.445344	0.482663
0.444751	0.303447
0.444158	0.110103
0.443565	0.151757
0.442972	0.386622
0.442401	0.468368
0.441830	0.246534
0.441256	0.096539
0.440748	0.198298
0.440198	0.442571
0.439672	0.436654
0.439124	0.190851
0.438531	0.095575
0.438006	0.260629
0.437503	0.479372
0.436977	0.383996
0.436383	0.142515
0.435767	0.114092
0.435309	0.331837
0.434764	0.494664
0.434216	0.312789
0.433644	0.107177
0.433073	0.153519
0.432591	0.405206
0.432088	0.478408
0.431564	0.241381
0.431018	0.091885
0.430429	0.211761
0.429994	0.467338
0.429446	0.436056
0.428898	0.173531
0.428349	0.097337
0.427842	0.292045
0.427380	0.504537
0.426850	0.360859
0.426271	0.121871
0.425779	0.128786
0.425242	0.379708
0.424703	0.503075
0.424141	0.273661
0.423603	0.092051
0.423044	0.191516
0.422506	0.460955
0.422013	0.460556
0.421364	0.191017
0.420826	0.090256
0.420309	0.278581
0.419790	0.514976
0.419247	0.378611
0.418725	0.125062
0.418269	0.121838
0.417678	0.379276
0.417129	0.517602
0.416584	0.277916
0.416041	0.089691
0.415521	0.190053
0.414956	0.472058
0.414281	0.465177
0.413714	0.183338
0.413165	0.089492
0.412614	0.292444
0.412062	0.531199
0.411509	0.365845
0.410957	0.112430
0.410495	0.132941
0.410010	0.412253
0.409459	0.519198
0.408911	0.250390
0.408319	0.082245
0.407726	0.223629
0.407089	0.511186
0.406542	0.441142
0.405994	0.150061
0.405444	0.100828
0.404894	0.351351
0.404320	0.542867
0.403722	0.311991
0.403146	0.090821
0.402570	0.174396
0.401994	0.476646
0.401461	0.494398
0.400860	0.189355
0.400323	0.084638
0.399763	0.297330
0.399157	0.554436
0.398594	0.370134
0.398074	0.104352
0.397461	0.139124
0.396870	0.443402
0.396276	0.528672
0.395657	0.230478
0.395105	0.077457
0.394530	0.254679
0.393933	0.546823
0.393357	0.418137
0.392800	0.123101
0.392237	0.116086
0.391607	0.407765
0.391023	0.557428
0.390459	0.266879
0.389914	0.077258
0.389346	0.221203
0.388778	0.533958
0.388275	0.453675
0.387700	0.140520
0.387081	0.101592
0.386531	0.378012
0.385981	0.568864
0.385388	0.295103
0.384750	0.078455
0.384110	0.200392
0.383537	0.526877
0.383028	0.481101
0.382430	0.155680
0.381832	0.092683
0.381236	0.362255
0.380686	0.579169
0.380181	0.317742
0.379586	0.079419
0.378880	0.184834
0.378307	0.522023
0.377757	0.500681
0.377184	0.164123
0.376612	0.087829
0.376061	0.353778
0.375467	0.590239
0.374851	0.329610
0.374235	0.081314
0.373688	0.182972
0.373141	0.526146
0.372705	0.512183
0.372159	0.166484
0.371549	0.084272
0.370942	0.353445
0.370331	0.600877
0.369764	0.330607
0.369199	0.078422
0.368590	0.185499
0.368048	0.541072
0.367572	0.511352
0.367051	0.159237
0.366507	0.087696
0.366006	0.372295
0.365410	0.607193
0.364879	0.315382
0.364240	0.073568
0.363671	0.201755
0.363056	0.559788
0.362436	0.494730
0.361818	0.140221
0.361267	0.095675
0.360714	0.407932
0.360091	0.607858
0.359446	0.280709
0.358890	0.067584
0.358309	0.237758
0.357813	0.589874
0.357226	0.459260
0.356681	0.115787
0.356131	0.112862
0.355558	0.459825
0.354939	0.593630
0.354275	0.233071
0.353725	0.067152
0.353151	0.287025
0.352534	0.618529
0.351939	0.402446
0.351388	0.086766
0.350879	0.149662
0.350322	0.525979
0.349721	0.565739
0.349140	0.180778
0.348601	0.074532
0.348041	0.363751
0.347388	0.633855
0.346777	0.330740
0.346162	0.068415
0.345567	0.207274
0.344924	0.591502
0.344279	0.500548
0.343657	0.126259
0.343190	0.102556
0.342569	0.454240
0.342060	0.622618
0.341462	0.243875
0.340904	0.061700
0.340432	0.290283
0.339828	0.642033
0.339203	0.407599
0.338577	0.083209
0.338016	0.157707
0.337432	0.552973
0.336847	0.564176
0.336261	0.161963
0.335694	0.078687
0.335038	0.405339
0.334337	0.649047
0.333744	0.297563
0.333191	0.060071
0.332591	0.244074
0.331992	0.636880
0.331328	0.461786
0.330688	0.097636
0.330158	0.129783
0.329519	0.525082
0.328862	0.599847
0.328317	0.191250
0.327682	0.067817
0.327113	0.369003
0.326520	0.671187
0.326013	0.333599
0.325438	0.061135
0.324775	0.218743
0.324179	0.631195
0.323650	0.497889
0.323030	0.107410
0.322385	0.113161
0.321720	0.507197
0.321191	0.624746
0.320618	0.208005
0.319978	0.062032
0.319294	0.352249
0.318742	0.680595
0.318211	0.349755
0.317570	0.061534
0.316863	0.208736
0.316269	0.635218
0.315654	0.513613
0.315129	0.110867
0.314424	0.109870
0.313764	0.515375
0.313194	0.640105
0.312643	0.209002
0.312000	0.060703
0.311400	0.358000
0.310710	0.695389
0.310085	0.351019
0.309436	0.058409
0.308809	0.216083
0.308202	0.654333
0.307636	0.506997
0.307050	0.101193
0.306419	0.117815
0.305831	0.538313
0.305219	0.642698
0.304651	0.190718
0.304062	0.063129
0.303427	0.389781
0.302810	0.700674
0.302233	0.322230
0.301567	0.053722
0.300877	0.248296
0.300273	0.681559
0.299688	0.473288
0.299104	0.081247
0.298456	0.141750
0.297873	0.592732
0.297266	0.609055
0.296705	0.152023
0.296034	0.077092
0.295340	0.458528
0.294756	0.697915
0.294103	0.256540
0.293494	0.051827
0.292929	0.316878
0.292294	0.723712
0.291677	0.390479
0.291058	0.058808
0.290440	0.201489
0.289867	0.668927
0.289271	0.529138
0.288698	0.098900
0.288104	0.117416
0.287464	0.567002
0.286844	0.647019
0.286181	0.170506
0.285519	0.068016
0.284880	0.442638
0.284286	0.719823
0.283649	0.271201
0.283057	0.049101
0.282441	0.317044
0.281738	0.728898
0.281059	0.392108
0.280424	0.055783
0.279812	0.209468
0.279221	0.690469
0.278583	0.520827
0.277944	0.088893
0.277348	0.129251
0.276665	0.602573
0.276071	0.631927
0.275346	0.147568
0.274734	0.076926
0.274189	0.489711
0.273488	0.713772
0.272788	0.231874
0.272130	0.049333
0.271582	0.370965
0.270970	0.745553
0.270291	0.338419
0.269610	0.045610
0.269018	0.259300
0.268402	0.732488
0.267674	0.458362
0.266945	0.065390
0.266394	0.170506
0.265800	0.673647
0.265139	0.578704
0.264524	0.105847
0.263931	0.104684
0.263338	0.575346
0.262595	0.677071
0.261942	0.169642
0.261330	0.063628
0.260699	0.462584
0.260094	0.741630
0.259468	0.259034
0.258820	0.045012
0.258258	0.347295
0.257742	0.769655
0.257137	0.367142
0.256533	0.046242
0.255949	0.243941
0.255365	0.740068
0.254757	0.481599
0.254215	0.066254
0.253651	0.160234
0.253087	0.677769
0.252480	0.593896
0.251895	0.107942
0.251328	0.100695
0.250712	0.585120
0.250100	0.691499
0.249558	0.168478
0.248991	0.063628
0.248423	0.476480
0.247790	0.756823
0.247205	0.249094
0.246554	0.044214
0.245882	0.368039
0.245298	0.782487
0.244754	0.345932
0.244138	0.041388
0.243494	0.267544
0.242850	0.770187
0.242342	0.452478
0.241835	0.054852
0.241236	0.188059
0.240591	0.723745
0.239996	0.556431
0.239424	0.082976
0.238761	0.126724
0.238186	0.648282
0.237613	0.654665
0.237040	0.126392
0.236463	0.083441
0.235686	0.563378
0.235064	0.730161
0.234419	0.183471
0.233727	0.056614
0.233036	0.466673
0.232435	0.779063
0.231924	0.253382
0.231302	0.040956
0.230637	0.375951
0.230042	0.802865
0.229448	0.332668
0.228810	0.038496
0.228148	0.292078
0.227483	0.799973
0.226907	0.418437
0.226328	0.044280
0.225658	0.219806
0.224990	0.767727
0.224410	0.511784
0.223804	0.060703
0.223111	0.163924
0.222376	0.722449
0.221774	0.596988
0.221239	0.086300
0.220615	0.118081
0.219924	0.660483
0.219431	0.670489
0.218802	0.120807
0.218106	0.083508
0.217431	0.588078
0.216753	0.733486
0.216204	0.164822
0.215568	0.058775
0.214846	0.510089
0.214171	0.782620
0.213582	0.219175
0.212926	0.044280
0.212205	0.429706
0.211529	0.813270
0.211005	0.281905
0.210372	0.036734
0.209675	0.357967
0.208932	0.824706
0.208363	0.350453
0.207727	0.035571
0.207117	0.288421
0.206552	0.820484
0.205962	0.427080
0.205392	0.041754
0.204826	0.229347
0.204172	0.796183
0.203606	0.499617
0.202993	0.053456
0.202289	0.177953
0.201671	0.760546
0.201092	0.575679
0.200554	0.071873
0.199971	0.133938
0.199253	0.709384
0.198665	0.646720
0.197988	0.096838
0.197359	0.100861
0.196712	0.647651
0.196063	0.709949
0.195436	0.128819
0.194747	0.072970
0.194018	0.587912
0.193377	0.759416
0.192758	0.167946
0.192186	0.054752
0.191573	0.519297
0.191027	0.802100
0.190390	0.210432
0.189688	0.042917
0.189188	0.453243
0.188578	0.834180
0.187898	0.259466
0.187240	0.036136
0.186604	0.393437
0.186057	0.847744
0.185464	0.312622
0.184827	0.031781
0.184214	0.337123
0.183577	0.852398
0.182916	0.364981
0.182235	0.032579
0.181601	0.288055
0.180945	0.850636
0.180310	0.417506
0.179653	0.035637
0.179041	0.246335
0.178448	0.832851
0.177786	0.472956
0.177100	0.041920
0.176502	0.207506
0.175905	0.815232
0.175283	0.522988
0.174571	0.049732
0.173969	0.175293
0.173455	0.787473
0.172761	0.566271
0.172067	0.059938
0.171483	0.149496
0.170940	0.759981
0.170353	0.613676
0.169590	0.071507
0.168896	0.125860
0.168291	0.730427
0.167639	0.654266
0.166898	0.084505
0.166244	0.108008
0.165652	0.701306
0.165059	0.689039
0.164376	0.099398
0.163669	0.091785
0.163094	0.665802
0.162450	0.721717
0.161760	0.116253
0.161113	0.078422
0.160575	0.632259
0.159948	0.756789
0.159213	0.133473
0.158569	0.067351
0.157991	0.600013
0.157366	0.781689
0.156628	0.149995
0.156049	0.057511
0.155494	0.568764
0.154849	0.804261
0.154183	0.170373
0.153495	0.050131
0.152827	0.538978
0.152245	0.824905
0.151574	0.190419
0.150990	0.043283
0.150405	0.506499
0.149864	0.842092
0.149150	0.212460
0.148436	0.039128
0.147876	0.473987
0.147296	0.855124
0.146606	0.231907
0.145916	0.035039
0.145357	0.448422
0.144731	0.865928
0.144063	0.249526
0.143352	0.032379
0.142751	0.427479
0.142171	0.872710
0.141549	0.271567
0.140842	0.029986
0.140179	0.400319
0.139605	0.883647
0.138900	0.290349
0.138263	0.028423
0.137712	0.381636
0.137229	0.886306
0.136527	0.311226
0.135893	0.026362
0.135392	0.357900
0.134802	0.887137
0.134192	0.328878
0.133560	0.026562
0.132926	0.334829
0.132247	0.891359
0.131569	0.350819
0.130937	0.026229
0.130347	0.316545
0.129711	0.893753
0.129051	0.373525
0.128411	0.026695
0.127856	0.297895
0.127252	0.890761
0.126560	0.393836
0.125891	0.027492
0.125239	0.278514
0.124561	0.886007
0.123932	0.411522
0.123238	0.028224
0.122607	0.264885
0.122014	0.891492
0.121377	0.430072
0.120721	0.028922
0.120132	0.251055
0.119500	0.878727
0.118781	0.443004
0.118103	0.030119
0.117420	0.238988
0.116712	0.879757
0.116072	0.455204
0.115432	0.029853
0.114766	0.233303
0.114006	0.876499
0.113359	0.461886
0.112780	0.030152
0.112176	0.229081
0.111501	0.875535
0.110783	0.464745
0.110155	0.030551
0.109522	0.228317
0.108817	0.876765
0.108202	0.465875
0.107567	0.030185
0.106907	0.229746
0.106247	0.876699
0.105678	0.458163
0.105041	0.029620
0.104444	0.234566
0.103755	0.878793
0.103134	0.452810
0.102557	0.028456
0.101933	0.238589
0.101177	0.887636
0.100447	0.442771
0.099848	0.028024
0.099226	0.248429
0.098423	0.891326
0.097754	0.429540
0.097089	0.026296
0.096402	0.257804
0.095711	0.895315
0.095089	0.416675
0.094449	0.025066
0.093854	0.265317
0.093167	0.901266
0.092457	0.404042
0.091860	0.024401
0.091126	0.277351
0.090411	0.901000
0.089786	0.390645
0.089226	0.023570
0.088616	0.285163
0.087869	0.906685
0.087233	0.379508
0.086709	0.022938
0.086117	0.295934
0.085327	0.910774
0.084670	0.367807
0.084147	0.022306
0.083534	0.306439
0.082763	0.907682
0.082083	0.353346
0.081472	0.021642
0.080840	0.314417
0.080076	0.908413
0.079422	0.347528
0.078858	0.021542
0.078181	0.323127
0.077433	0.910175
0.076751	0.337123
0.076048	0.021841
0.075390	0.331438
0.074557	0.915095
0.073922	0.327981
0.073308	0.021442
0.072559	0.338120
0.071764	0.914530
0.071033	0.318673
0.070429	0.021309
0.069820	0.345733
0.069032	0.912037
0.068377	0.313021
0.067790	0.021442
0.067094	0.354443
0.066418	0.917489
0.065786	0.301652
0.065199	0.021276
0.064552	0.361091
0.063775	0.911472
0.063111	0.295868
0.062513	0.021874
0.061849	0.369801
0.061117	0.909444
0.060449	0.283268
0.059872	0.021542
0.059141	0.378544
0.058366	0.909809
0.057703	0.271267
0.057106	0.021974
0.056486	0.393038
0.055710	0.907416
0.055022	0.261062
0.054422	0.022905
0.053755	0.408098
0.052978	0.905355
0.052336	0.247764
0.051805	0.023636
0.051120	0.423922
0.050417	0.895947
0.049759	0.233968
0.049168	0.025564
0.048488	0.442505
0.047784	0.890428
0.047146	0.219175
0.046484	0.026794
0.045802	0.459625
0.045077	0.884112
0.044396	0.204049
0.043802	0.028456
0.043142	0.481300
0.042369	0.876134
0.041728	0.187061
0.041174	0.031149
0.040465	0.509058
0.039665	0.859745
0.038997	0.171105
0.038506	0.035072
0.037841	0.534556
0.037113	0.846148
0.036451	0.152422
0.035900	0.039527
0.035215	0.565772
0.034463	0.825670
0.033841	0.135634
0.033238	0.045444
0.032504	0.595226
0.031771	0.802533
0.031039	0.118546
0.030482	0.053190
0.029791	0.627838
0.029032	0.771948
0.028425	0.099232
0.027885	0.062764
0.027192	0.664505
0.026498	0.742029
0.025758	0.084937
0.025195	0.072803
0.024501	0.694458
0.023763	0.702702
0.023070	0.071507
0.022488	0.086633
0.021775	0.734849
0.021064	0.668993
0.020374	0.058608
0.019769	0.100794
0.019031	0.763638
0.018292	0.631794
0.017618	0.049234
0.017033	0.117350
0.016297	0.793889
0.015585	0.589807
0.014939	0.041554
0.014336	0.135567
0.013646	0.817692
0.012870	0.553206
0.012204	0.033842
0.011562	0.154848
0.010924	0.843655
0.010243	0.513081
0.009515	0.028157
0.008901	0.175792
0.008181	0.862005
0.007577	0.475881
0.006926	0.024766
0.006344	0.198763
0.005610	0.874272
0.004878	0.444599
0.004189	0.021542
0.003634	0.222399
0.002884	0.889564
0.002223	0.407233
0.001603	0.019049
0.000940	0.245238
0.000235	0.892722
-0.000402	0.374322
-0.000952	0.017952
-0.001567	0.269173
-0.002244	0.898473
-0.002921	0.348093
-0.003555	0.017021
-0.004168	0.293806
-0.004802	0.900169
-0.005551	0.317941
-0.006193	0.016422
-0.006811	0.320501
-0.007448	0.899637
-0.008176	0.291612
-0.008750	0.016854
-0.009344	0.343805
-0.010022	0.895216
-0.010722	0.264752
-0.011404	0.018251
-0.012041	0.374422
-0.012696	0.887503
-0.013329	0.241481
-0.013918	0.019647
-0.014548	0.401050
-0.015243	0.880555
-0.015873	0.215751
-0.016394	0.021076
-0.017026	0.431402
-0.017722	0.867391
-0.018440	0.196104
-0.019003	0.024434
-0.019587	0.463914
-0.020280	0.854426
-0.020997	0.173631
-0.021627	0.027526
-0.022167	0.490475
-0.022883	0.838037
-0.023642	0.153652
-0.024227	0.032213
-0.024834	0.522855
-0.025506	0.814101
-0.026157	0.134603
-0.026742	0.036867
-0.027416	0.551444
-0.028134	0.789568
-0.028810	0.116818
-0.029381	0.043017
-0.030084	0.589209
-0.030830	0.767461
-0.031490	0.100562
-0.031995	0.050165
-0.032608	0.622519
-0.033287	0.736810
-0.033990	0.085203
-0.034582	0.059838
-0.035215	0.652371
-0.035844	0.704198
-0.036473	0.071108
-0.037059	0.071174
-0.037734	0.687743
-0.038337	0.672816
-0.039073	0.059174
-0.039699	0.082843
-0.040303	0.721086
-0.040992	0.632990
-0.041595	0.049433
-0.042113	0.096606
-0.042786	0.746550
-0.043505	0.595026
-0.044208	0.040624
-0.044802	0.113726
-0.045572	0.772048
-0.046295	0.552641
-0.046999	0.034307
-0.047568	0.132043
-0.048246	0.799674
-0.048947	0.512616
-0.049630	0.028191
-0.050205	0.151990
-0.050822	0.815863
-0.051460	0.473288
-0.052143	0.024068
-0.052757	0.173664
-0.053371	0.834712
-0.054096	0.438383
-0.054735	0.020279
-0.055377	0.197500
-0.056018	0.842657
-0.056636	0.401582
-0.057296	0.017819
-0.057842	0.219906
-0.058585	0.854559
-0.059241	0.371663
-0.059853	0.016854
-0.060442	0.246202
-0.061140	0.859412
-0.061906	0.337588
-0.062610	0.015857
-0.063182	0.270669
-0.063886	0.861074
-0.064589	0.306672
-0.065225	0.015824
-0.065884	0.294139
-0.066632	0.857717
-0.067269	0.279113
-0.067883	0.016422
-0.068450	0.323426
-0.069147	0.854060
-0.069864	0.252917
-0.070494	0.017021
-0.071059	0.349124
-0.071781	0.851101
-0.072413	0.227652
-0.073024	0.018084
-0.073568	0.373159
-0.074243	0.839034
-0.074919	0.207539
-0.075554	0.019580
-0.076167	0.399288
-0.076845	0.828330
-0.077503	0.185665
-0.078119	0.022672
-0.078647	0.425218
-0.079350	0.811176
-0.080077	0.167215
-0.080672	0.024434
-0.081264	0.451547
-0.081988	0.798643
-0.082667	0.149397
-0.083302	0.028390
-0.083896	0.474385
-0.084623	0.781456
-0.085262	0.134936
-0.085856	0.031315
-0.086451	0.503939
-0.087198	0.762175
-0.087943	0.121538
-0.088534	0.035504
-0.089171	0.524982
-0.089917	0.743691
-0.090597	0.107476
-0.091214	0.040125
-0.091744	0.547854
-0.092451	0.721352
-0.093204	0.096573
-0.093782	0.044048
-0.094466	0.565672
-0.095236	0.698613
-0.095981	0.086799
-0.096616	0.050032
-0.097230	0.586383
-0.098021	0.682058
-0.098746	0.078388
-0.099295	0.056182
-0.099908	0.606362
-0.100542	0.661015
-0.101289	0.070177
-0.101840	0.062531
-0.102462	0.624480
-0.103196	0.638708
-0.103910	0.061899
-0.104493	0.068814
-0.105124	0.645390
-0.105865	0.616867
-0.106605	0.054785
-0.107212	0.077125
-0.107885	0.663973
-0.108535	0.593530
-0.109339	0.049832
-0.109985	0.083907
-0.110563	0.681360
-0.111276	0.570160
-0.112012	0.045111
-0.112616	0.091320
-0.113287	0.691433
-0.114046	0.554004
-0.114736	0.040491
-0.115229	0.098999
-0.115854	0.703500
-0.116592	0.527642
-0.117287	0.037399
-0.117916	0.107643
-0.118477	0.711212
-0.119193	0.511386
-0.119842	0.034174
-0.120445	0.114424
-0.121074	0.716831
-0.121704	0.493368
-0.122378	0.031947
-0.122894	0.121638
-0.123544	0.729829
-0.124220	0.478774
-0.124874	0.030085
-0.125439	0.128653
-0.126069	0.727535
-0.126785	0.467438
-0.127478	0.028756
-0.128015	0.132276
-0.128684	0.731724
-0.129421	0.458595
-0.130111	0.028589
-0.130688	0.136531
-0.131331	0.732322
-0.132043	0.448854
-0.132690	0.027127
-0.133248	0.141185
-0.133852	0.736278
-0.134547	0.439746
-0.135242	0.026927
-0.135893	0.143313
-0.136589	0.738040
-0.137329	0.432066
-0.137979	0.026628
-0.138628	0.145208
-0.139256	0.737342
-0.139973	0.425418
-0.140603	0.025863
-0.141209	0.148964
-0.141881	0.734051
-0.142576	0.418902
-0.143247	0.026030
-0.143935	0.150394
-0.144578	0.731225
-0.145289	0.414547
-0.145954	0.025996
-0.146571	0.153286
-0.147257	0.731823
-0.148054	0.410192
-0.148739	0.025431
-0.149399	0.153851
-0.149989	0.731491
-0.150735	0.406103
-0.151413	0.025697
-0.152002	0.155513
-0.152657	0.726438
-0.153292	0.401017
-0.153971	0.025697
-0.154540	0.155247
-0.155130	0.727535
-0.155853	0.395764
-0.156489	0.025631
-0.157146	0.158605
-0.157781	0.724510
-0.158483	0.393437
-0.159141	0.025465
-0.159774	0.158705
-0.160494	0.724610
-0.161174	0.386423
-0.161788	0.025531
-0.162355	0.158472
-0.163035	0.716332
-0.163760	0.385991
-0.164419	0.025431
-0.165033	0.159968
-0.165628	0.712343
-0.166269	0.382799
-0.166931	0.025664
-0.167567	0.159004
-0.168227	0.713141
-0.168912	0.382234
-0.169552	0.026462
-0.170167	0.157840
-0.170803	0.709750
-0.171506	0.386024
-0.172162	0.026894
-0.172837	0.153552
-0.173534	0.701273
-0.174236	0.390313
-0.174916	0.027758
-0.175616	0.148898
-0.176316	0.688075
-0.176995	0.397227
-0.177518	0.029454
-0.178191	0.142216
-0.178798	0.681759
-0.179428	0.407067
-0.180058	0.031149
-0.180687	0.134936
-0.181298	0.673282
-0.181957	0.416209
-0.182553	0.033676
-0.183238	0.127423
-0.183835	0.661613
-0.184455	0.432565
-0.185143	0.034972
-0.185808	0.115654
-0.186625	0.644193
-0.187263	0.448156
-0.187990	0.038463
-0.188670	0.106280
-0.189326	0.628436
-0.189959	0.467172
-0.190569	0.043316
-0.191288	0.096573
-0.191983	0.608656
-0.192591	0.491240
-0.193265	0.049234
-0.193891	0.086799
-0.194561	0.587081
-0.195189	0.515175
-0.195731	0.057112
-0.196382	0.075928
-0.197032	0.558159
-0.197683	0.536218
-0.198267	0.065157
-0.198959	0.066188
-0.199628	0.524118
-0.200231	0.563245
-0.200789	0.075696
-0.201499	0.057611
-0.202139	0.493766
-0.202828	0.586616
-0.203406	0.087730
-0.204051	0.050198
-0.204806	0.464479
-0.205493	0.608423
-0.206069	0.103254
-0.206756	0.043649
-0.207487	0.427944
-0.208151	0.624547
-0.208746	0.119211
-0.209431	0.038795
-0.210096	0.392041
-0.210807	0.642432
-0.211364	0.139157
-0.212010	0.034507
-0.212699	0.357135
-0.213366	0.655663
-0.213986	0.161198
-0.214625	0.031947
-0.215352	0.322961
-0.216100	0.659718
-0.216691	0.186330
-0.217370	0.030185
-0.218049	0.288321
-0.218664	0.669725
-0.219234	0.213523
-0.219800	0.030285
-0.220543	0.252019
-0.221197	0.671121
-0.221781	0.242811
-0.222430	0.029720
-0.223103	0.223297
-0.223802	0.661380
-0.224413	0.275656
-0.224980	0.030917
-0.225680	0.193079
-0.226311	0.646288
-0.226826	0.310894
-0.227362	0.033144
-0.228030	0.165054
-0.228654	0.634885
-0.229232	0.343572
-0.229852	0.035837
-0.230473	0.142016
-0.231117	0.611116
-0.231695	0.378312
-0.232318	0.041654
-0.233032	0.119777
-0.233706	0.582527
-0.234378	0.413716
-0.235047	0.049101
-0.235717	0.101293
-0.236434	0.555333
-0.237016	0.449619
-0.237616	0.056913
-0.238305	0.083940
-0.238926	0.520660
-0.239525	0.485888
-0.240077	0.068748
-0.240671	0.070842
-0.241375	0.481666
-0.242055	0.520062
-0.242665	0.084871
-0.243341	0.060204
-0.243951	0.434493
-0.244535	0.551411
-0.245116	0.102955
-0.245833	0.051494
-0.246464	0.393371
-0.247050	0.580798
-0.247746	0.129716
-0.248351	0.044114
-0.249067	0.340514
-0.249693	0.598450
-0.250316	0.159004
-0.250917	0.039427
-0.251568	0.291978
-0.252220	0.613842
-0.252871	0.194076
-0.253565	0.037432
-0.254216	0.244107
-0.254848	0.610950
-0.255481	0.239885
-0.256094	0.037565
-0.256731	0.197500
-0.257279	0.602074
-0.257892	0.290416
-0.258529	0.040324
-0.259147	0.156145
-0.259722	0.579468
-0.260317	0.346032
-0.260954	0.047272
-0.261638	0.121472
-0.262256	0.540241
-0.262897	0.405305
-0.263626	0.059240
-0.264270	0.091420
-0.264939	0.491140
-0.265605	0.462584
-0.266314	0.077723
-0.266911	0.069911
-0.267486	0.427944
-0.268126	0.515508
-0.268831	0.106645
-0.269491	0.055849
-0.270151	0.355639
-0.270789	0.556264
-0.271428	0.145640
-0.272046	0.045544
-0.272708	0.289252
-0.273280	0.580033
-0.273851	0.197167
-0.274574	0.042818
-0.275143	0.223696
-0.275689	0.576676
-0.276346	0.258602
-0.277004	0.043616
-0.277549	0.167514
-0.278137	0.555167
-0.278744	0.325188
-0.279438	0.051594
-0.279997	0.122735
-0.280621	0.514344
-0.281310	0.397294
-0.281975	0.066487
-0.282640	0.090323
-0.283259	0.457032
-0.283924	0.460789
-0.284588	0.088461
-0.285251	0.068581
-0.285912	0.387753
-0.286484	0.511352
-0.287166	0.123932
-0.287803	0.056448
-0.288416	0.314550
-0.288982	0.546125
-0.289572	0.168212
-0.290250	0.049134
-0.290795	0.245171
-0.291476	0.556298
-0.292069	0.227585
-0.292685	0.047538
-0.293342	0.186197
-0.293998	0.543532
-0.294658	0.291878
-0.295342	0.053722
-0.295978	0.136332
-0.296546	0.506033
-0.297118	0.360493
-0.297760	0.065457
-0.298401	0.100096
-0.299040	0.452013
-0.299679	0.428410
-0.300338	0.086766
-0.300927	0.075230
-0.301514	0.379409
-0.302166	0.483860
-0.302818	0.121405
-0.303381	0.060603
-0.303986	0.308766
-0.304590	0.521691
-0.305258	0.169143
-0.305881	0.052924
-0.306481	0.235597
-0.307125	0.528306
-0.307684	0.236528
-0.308246	0.054386
-0.308898	0.172268
-0.309532	0.513713
-0.310215	0.306971
-0.310899	0.061235
-0.311626	0.122336
-0.312328	0.468701
-0.313031	0.381337
-0.313667	0.079286
-0.314323	0.086965
-0.314884	0.396496
-0.315554	0.448854
-0.316110	0.111033
-0.316708	0.067584
-0.317305	0.315947
-0.318012	0.496659
-0.318584	0.160999
-0.319134	0.059041
-0.319728	0.234467
-0.320388	0.512549
-0.320981	0.232672
-0.321636	0.058475
-0.322268	0.164921
-0.322966	0.488614
-0.323644	0.314916
-0.324276	0.069014
-0.324907	0.113826
-0.325538	0.429008
-0.326233	0.395199
-0.326816	0.093581
-0.327396	0.080848
-0.328152	0.348160
-0.328840	0.463249
-0.329304	0.137329
-0.329923	0.065855
-0.330565	0.260264
-0.331186	0.492503
-0.331829	0.204946
-0.332359	0.062564
-0.332952	0.180379
-0.333634	0.480070
-0.334269	0.289983
-0.334878	0.070776
-0.335439	0.121572
-0.336131	0.424121
-0.336755	0.379076
-0.337334	0.093182
-0.337871	0.085669
-0.338477	0.339417
-0.339064	0.447159
-0.339715	0.141219
-0.340318	0.069479
-0.340919	0.245903
-0.341560	0.477377
-0.342110	0.213856
-0.342634	0.066288
-0.343246	0.167082
-0.343812	0.457132
-0.344398	0.302516
-0.345030	0.078322
-0.345682	0.111333
-0.346245	0.390279
-0.346807	0.390080
-0.347410	0.109903
-0.347923	0.081580
-0.348482	0.298328
-0.349087	0.449752
-0.349691	0.167980
-0.350337	0.068881
-0.350917	0.206908
-0.351456	0.459758
-0.351971	0.250823
-0.352596	0.074033
-0.353200	0.137662
-0.353741	0.416941
-0.354305	0.341145
-0.354913	0.094511
-0.355541	0.096074
-0.356103	0.333931
-0.356668	0.414115
-0.357345	0.139623
-0.357911	0.075230
-0.358523	0.239620
-0.359179	0.450018
-0.359698	0.214188
-0.360303	0.074565
-0.360951	0.160799
-0.361530	0.424819
-0.362107	0.306107
-0.362727	0.088494
-0.363301	0.107277
-0.363873	0.350653
-0.364425	0.386057
-0.365066	0.125760
-0.365661	0.082112
-0.366189	0.259965
-0.366693	0.433429
-0.367305	0.195638
-0.367871	0.076560
-0.368458	0.172733
-0.369043	0.420065
-0.369626	0.285363
-0.370189	0.087796
-0.370774	0.114258
-0.371381	0.352481
-0.371875	0.372394
-0.372457	0.125295
-0.373016	0.087065
-0.373506	0.257937
-0.373996	0.420464
-0.374579	0.192281
-0.375166	0.080084
-0.375666	0.170805
-0.376232	0.405438
-0.376774	0.285030
-0.377382	0.092816
-0.378012	0.113394
-0.378618	0.335693
-0.379290	0.373824
-0.379809	0.131811
-0.380440	0.087763
-0.381028	0.237891
-0.381596	0.412652
-0.382254	0.209401
-0.382869	0.083840
-0.383484	0.153951
-0.384119	0.383764
-0.384687	0.305176
-0.385322	0.103587
-0.385868	0.105449
-0.386459	0.297829
-0.387159	0.382135
-0.387682	0.154649
-0.388205	0.087896
-0.388706	0.205079
-0.389276	0.400485
-0.389892	0.241780
-0.390421	0.091254
-0.390994	0.131644
-0.391609	0.346032
-0.392178	0.337156
-0.392727	0.122104
-0.393279	0.096838
-0.393922	0.253914
-0.394520	0.389581
-0.395139	0.190552
-0.395759	0.088627
-0.396269	0.164157
-0.396933	0.374987
-0.397556	0.285097
-0.398137	0.106113
-0.398741	0.112463
-0.399388	0.295801
-0.399993	0.364216
-0.400575	0.156211
-0.401157	0.093847
-0.401717	0.200492
-0.402302	0.381436
-0.402906	0.241947
-0.403487	0.098268
-0.404001	0.130913
-0.404606	0.323294
-0.405168	0.334297
-0.405796	0.133273
-0.406333	0.100828
-0.406913	0.229680
-0.407560	0.376217
-0.408162	0.207307
-0.408739	0.096107
-0.409295	0.150859
-0.409875	0.341544
-0.410502	0.302084
-0.411129	0.120342
-0.411777	0.109139
-0.412340	0.253283
-0.413015	0.362720
-0.413646	0.182972
-0.414229	0.097670
-0.414877	0.166683
-0.415525	0.347295
-0.416084	0.276520
-0.416599	0.113593
-0.417292	0.115987
-0.417966	0.269572
-0.418556	0.347395
-0.419189	0.169708
-0.419820	0.099963
-0.420450	0.178551
-0.420990	0.347894
-0.421597	0.257870
-0.422247	0.113361
-0.422829	0.121904
-0.423478	0.278448
-0.424126	0.337754
-0.424729	0.162096
-0.425353	0.103820
-0.425932	0.187194
-0.426576	0.343971
-0.427218	0.250025
-0.427858	0.113560
-0.428588	0.126126
-0.429211	0.275955
-0.429837	0.329045
-0.430488	0.162361
-0.431076	0.106512
-0.431752	0.186131
-0.432313	0.340314
-0.432957	0.249293
-0.433511	0.116818
-0.434132	0.128686
-0.434728	0.269439
-0.435277	0.325953
-0.435914	0.166783
-0.436549	0.109039
-0.437138	0.179848
-0.437751	0.327050
-0.438296	0.254479
-0.438951	0.121838
-0.439585	0.124364
-0.440219	0.256275
-0.440918	0.322828
-0.441502	0.177753
-0.442128	0.109670
-0.442749	0.167182
-0.443346	0.311426
-0.443919	0.267212
-0.444469	0.129384
-0.445106	0.121671
-0.445740	0.233735
-0.446282	0.322562
-0.446865	0.194342
-0.447492	0.115089
-0.447983	0.153220
-0.448535	0.293740
-0.449175	0.284332
-0.449728	0.142050
-0.450261	0.117882
-0.450904	0.205977
-0.451500	0.318540
-0.452051	0.218776
-0.452602	0.120042
-0.453218	0.139390
-0.453719	0.263821
-0.454196	0.298195
-0.454806	0.162661
-0.455279	0.117084
-0.455774	0.181044
-0.456402	0.304677
-0.456987	0.248130
-0.457640	0.130049
-0.458249	0.128087
-0.458723	0.233868
-0.459305	0.308001
-0.459840	0.188890
-0.460373	0.119843
-0.460945	0.156378
-0.461517	0.280177
-0.462087	0.273129
-0.462611	0.146571
-0.463158	0.123633
-0.463726	0.198996
-0.464202	0.302117
-0.464788	0.218709
-0.465307	0.125361
-0.465847	0.139357
-0.466429	0.247598
-0.467035	0.291945
-0.467596	0.171803
-0.468133	0.123932
-0.468600	0.171570
-0.469245	0.283135
-0.469888	0.250823
-0.470462	0.140188
-0.470925	0.129151
-0.471523	0.210432
-0.472142	0.292909
-0.472761	0.203550
-0.473290	0.127555
-0.473837	0.148333
-0.474470	0.252551
-0.475038	0.274991
-0.475539	0.162993
-0.476171	0.126558
-0.476713	0.173864
-0.477143	0.279080
-0.477728	0.239453
-0.478221	0.140454
-0.478734	0.134736
-0.479267	0.211495
-0.479798	0.284831
-0.480326	0.200459
-0.480872	0.130714
-0.481460	0.150327
-0.482003	0.242711
-0.482459	0.268841
-0.483000	0.169210
-0.483541	0.129650
-0.484103	0.170672
-0.484618	0.266912
-0.485109	0.242179
-0.485578	0.149297
-0.486003	0.134636
-0.486538	0.198331
-0.487074	0.275589
-0.487630	0.211230
-0.488161	0.137894
-0.488669	0.145341
-0.489177	0.223995
-0.489640	0.268309
-0.490193	0.185266
-0.490792	0.132908
-0.491413	0.159436
-0.491988	0.244240
-0.492630	0.255078
-0.493116	0.162594
-0.493602	0.134237
-0.494133	0.175991
-0.494639	0.258568
-0.495143	0.232838
-0.495621	0.149995
-0.496167	0.141750
-0.496691	0.194009
-0.497214	0.265483
-0.497782	0.207872
-0.498282	0.141086
-0.498782	0.145540
-0.499281	0.212061
-0.499819	0.258701
-0.500376	0.188026
-0.500887	0.141119
-0.501419	0.156112
-0.501927	0.228583
-0.502389	0.249792
-0.502937	0.173365
-0.503486	0.140520
-0.504036	0.166251
-0.504588	0.238921
-0.505097	0.236661
-0.505651	0.161364
-0.506182	0.141285
-0.506710	0.177853
-0.507322	0.245770
-0.507932	0.223330
-0.508477	0.152987
-0.509043	0.146371
-0.509497	0.189422
-0.510038	0.246634
-0.510577	0.210033
-0.511158	0.149795
-0.511650	0.149529
-0.512121	0.200126
-0.512660	0.247664
-0.513177	0.197433
-0.513671	0.147402
-0.514295	0.153519
-0.514784	0.208304
-0.515295	0.243044
-0.515917	0.186530
-0.516471	0.147335
-0.516914	0.160001
-0.517466	0.216548
-0.518106	0.237924
-0.518635	0.177753
-0.519187	0.146837
-0.519672	0.164855
-0.520265	0.218576
-0.520791	0.230577
-0.521359	0.169110
-0.521792	0.148067
-0.522270	0.170373
-0.522796	0.225192
-0.523346	0.222732
-0.523854	0.165154
-0.524340	0.151591
-0.524891	0.176822
-0.525464	0.224627
-0.525972	0.215053
-0.526455	0.161963
-0.527025	0.151624
-0.527546	0.179881
-0.528000	0.226987
-0.528588	0.209468
-0.529197	0.159469
-0.529693	0.154383
-0.530299	0.184003
-0.530861	0.226156
-0.531334	0.203982
-0.531827	0.157076
-0.532298	0.157209
-0.532836	0.188092
-0.533354	0.225458
-0.533805	0.199561
-0.534302	0.156178
-0.534778	0.159669
-0.535319	0.188690
-0.535857	0.224228
-0.536372	0.195605
-0.536887	0.157076
-0.537357	0.159702
-0.537869	0.190785
-0.538379	0.220937
-0.538843	0.191483
-0.539374	0.158339
-0.539864	0.162395
-0.540443	0.189089
-0.541067	0.219274
-0.541576	0.190785
-0.542103	0.158638
-0.542604	0.163459
-0.543169	0.189721
-0.543690	0.217446
-0.544143	0.189023
-0.544685	0.160965
-0.545225	0.163924
-0.545738	0.190419
-0.546250	0.214986
-0.546786	0.189488
-0.547211	0.160068
-0.547748	0.164822
-0.548284	0.187061
-0.548752	0.211263
-0.549153	0.190585
-0.549641	0.162428
-0.550147	0.164655
-0.550670	0.184668
-0.551232	0.207573
-0.551811	0.190984
-0.552322	0.161730
-0.552722	0.164556
-0.553186	0.181643
-0.553648	0.207207
-0.554153	0.192813
-0.554612	0.164090
-0.555091	0.165287
-0.555613	0.180878
-0.556066	0.203417
-0.556607	0.193976
-0.557171	0.166716
-0.557601	0.162494
-0.558049	0.178252
-0.558564	0.199594
-0.559036	0.197068
-0.559463	0.170140
-0.559954	0.163990
-0.560470	0.175626
-0.560876	0.196735
-0.561372	0.197367
-0.561849	0.169941
-0.562328	0.164489
-0.562828	0.177421
-0.563264	0.193577
-0.563699	0.195904
-0.564202	0.171969
-0.564683	0.163824
-0.565163	0.173531
-0.565665	0.189488
-0.566120	0.195638
-0.566640	0.176490
-0.567114	0.163891
-0.567588	0.173465
-0.568130	0.184402
-0.568626	0.195372
-0.569143	0.179050
-0.569681	0.164356
-0.570217	0.173598
-0.570686	0.182873
-0.571219	0.195106
-0.571707	0.181643
-0.572194	0.164921
-0.572636	0.169841
-0.573102	0.180745
-0.573570	0.191616
-0.573990	0.184269
-0.574430	0.167348
-0.574983	0.169542
-0.575449	0.178751
-0.575935	0.189056
-0.576353	0.186131
-0.576859	0.168379
-0.577318	0.166816
-0.577732	0.177521
-0.578298	0.186629
-0.578754	0.185732
-0.579164	0.171437
-0.579684	0.166783
-0.580247	0.176523
-0.580722	0.182939
-0.581152	0.187627
-0.581693	0.175360
-0.582165	0.163292
-0.582679	0.174828
-0.583190	0.183837
-0.583609	0.188591
-0.584027	0.180712
-0.584576	0.166450
-0.585081	0.170340
-0.585497	0.182141
-0.585937	0.186197
-0.586421	0.180479
-0.586880	0.167780
-0.587361	0.168711
-0.587931	0.180313
-0.588437	0.184568
-0.588857	0.182873
-0.589346	0.169476
-0.589832	0.165087
-0.590294	0.177953
-0.590778	0.184003
-0.591221	0.183970
-0.591776	0.172900
-0.592243	0.162960
-0.592732	0.173432
-0.593132	0.184070
-0.593533	0.185665
-0.593934	0.174761
-0.594467	0.162760
-0.595045	0.167149
-0.595533	0.182108
-0.596020	0.187194
-0.596463	0.179748
-0.596929	0.164489
-0.597420	0.163093
-0.597890	0.178385
-0.598426	0.186663
-0.598939	0.182806
-0.599407	0.168279
-0.599964	0.161364
-0.600367	0.172335
-0.600771	0.185532
-0.601198	0.187361
-0.601690	0.175160
-0.602161	0.161364
-0.602633	0.164888
-0.603105	0.179981
-0.603600	0.188624
-0.604159	0.180645
-0.604694	0.165154
-0.605206	0.159370
-0.605740	0.173565
-0.606209	0.188657
-0.606678	0.185532
-0.607146	0.169476
-0.607544	0.156544
-0.608047	0.164290
-0.608572	0.184369
-0.608962	0.190053
-0.609486	0.178784
-0.609965	0.160400
-0.610377	0.157608
-0.610832	0.175825
-0.611287	0.190951
-0.611812	0.186097
-0.612273	0.168777
-0.612757	0.154815
-0.613285	0.165287
-0.613698	0.184601
-0.614176	0.192447
-0.614634	0.179149
-0.615092	0.159037
-0.615568	0.155746
-0.616089	0.172202
-0.616500	0.190685
-0.616931	0.188591
-0.617449	0.169642
-0.617964	0.152954
-0.618434	0.162029
-0.618880	0.183305
-0.619368	0.193943
-0.619808	0.180114
-0.620270	0.159901
-0.620781	0.152289
-0.621314	0.169243
-0.621826	0.190918
-0.622339	0.191649
-0.622850	0.170307
-0.623338	0.152488
-0.623781	0.155314
-0.624268	0.179282
-0.624756	0.195040
-0.625110	0.184136
-0.625574	0.161331
-0.626105	0.147867
-0.626569	0.161597
-0.626964	0.186563
-0.627424	0.197400
-0.627840	0.177487
-0.628320	0.153186
-0.628778	0.149230
-0.629215	0.171703
-0.629699	0.194142
-0.630185	0.192547
-0.630671	0.170639
-0.631224	0.146936
-0.631777	0.152222
-0.632352	0.179681
-0.632877	0.197433
-0.633355	0.188557
-0.633853	0.162794
-0.634328	0.144643
-0.634826	0.159503
-0.635215	0.185167
-0.635691	0.196835
-0.636147	0.181443
-0.636650	0.154516
-0.637198	0.142216
-0.637743	0.164655
-0.638195	0.191416
-0.638642	0.198464
-0.639065	0.175493
-0.639465	0.148200
-0.639930	0.143712
-0.640393	0.170406
-0.640900	0.195705
-0.641320	0.196503
-0.641695	0.169875
-0.642199	0.144277
-0.642679	0.144909
-0.643179	0.174894
-0.643744	0.197467
-0.644177	0.194508
-0.644609	0.164223
-0.645063	0.140321
-0.645607	0.149762
-0.646126	0.183371
-0.646532	0.199893
-0.646934	0.190918
-0.647331	0.159104
-0.647701	0.138559
-0.648091	0.152056
-0.648594	0.183438
-0.649072	0.202819
-0.649504	0.188325
-0.649958	0.154981
-0.650388	0.135767
-0.650817	0.152721
-0.651222	0.186164
-0.651669	0.200592
-0.652115	0.185831
-0.652557	0.150892
-0.652995	0.135135
-0.653390	0.155081
-0.653828	0.187992
-0.654332	0.202154
-0.654767	0.183105
-0.655266	0.149264
-0.655718	0.132775
-0.656237	0.156777
-0.656711	0.191483
-0.657206	0.202985
-0.657614	0.183305
-0.658065	0.148565
-0.658518	0.134005
-0.658994	0.155414
-0.659427	0.189821
-0.659903	0.204581
-0.660333	0.185698
-0.660740	0.147834
-0.661148	0.133972
-0.661555	0.153286
-0.662005	0.188125
-0.662542	0.204880
-0.662900	0.186031
-0.663345	0.149962
-0.663787	0.130614
-0.664181	0.149662
-0.664616	0.189322
-0.665026	0.205445
-0.665434	0.189023
-0.665840	0.153618
-0.666200	0.129617
-0.666694	0.146172
-0.667210	0.185266
-0.667657	0.206409
-0.668101	0.194242
-0.668565	0.156145
-0.668963	0.129849
-0.669319	0.141817
-0.669719	0.181144
-0.670185	0.206841
-0.670584	0.196370
-0.670981	0.160733
-0.671400	0.128885
-0.671752	0.134570
-0.672213	0.172601
-0.672673	0.203750
-0.673064	0.199528
-0.673453	0.169609
-0.673905	0.133041
-0.674355	0.131545
-0.674716	0.164921
-0.675139	0.199029
-0.675472	0.207539
-0.675846	0.176623
-0.676240	0.137795
-0.676634	0.127090
-0.677005	0.154051
-0.677329	0.193378
-0.677787	0.209002
-0.678223	0.187394
-0.678636	0.148200
-0.679066	0.124730
-0.679450	0.142881
-0.679767	0.185167
-0.680193	0.207905
-0.680643	0.196735
-0.681071	0.160500
-0.681429	0.125927
-0.681828	0.132908
-0.682292	0.168279
-0.682733	0.202088
-0.683128	0.206376
-0.683565	0.173565
-0.683956	0.134836
-0.684390	0.122569
-0.684890	0.152821
-0.685303	0.190918
-0.685648	0.211263
-0.685970	0.189355
-0.686334	0.149696
-0.686785	0.122070
-0.687210	0.136166
-0.687614	0.176922
-0.688062	0.206841
-0.688487	0.204215
-0.688886	0.167547
-0.689302	0.130315
-0.689737	0.123167
-0.690081	0.156644
-0.690514	0.197533
-0.690949	0.209335
-0.691341	0.186928
-0.691733	0.145274
-0.692168	0.119511
-0.692559	0.135900
-0.692994	0.177853
-0.693469	0.209168
-0.693806	0.204381
-0.694183	0.168478
-0.694513	0.129351
-0.694952	0.120541
-0.695366	0.153253
-0.695756	0.194009
-0.696188	0.209867
-0.696551	0.192181
-0.696845	0.149928
-0.697225	0.119278
-0.697583	0.128087
-0.697986	0.170805
-0.698363	0.207207
-0.698783	0.208869
-0.699157	0.175493
-0.699554	0.134537
-0.699951	0.117981
-0.700305	0.142083
-0.700661	0.186530
-0.701037	0.210565
-0.701388	0.200891
-0.701805	0.160134
-0.702221	0.124165
-0.702571	0.120741
-0.702854	0.155148
-0.703205	0.198032
-0.703623	0.212925
-0.704040	0.190186
-0.704387	0.147734
-0.704666	0.117848
-0.705056	0.127921
-0.705422	0.170107
-0.705655	0.206143
-0.705978	0.211728
-0.706392	0.178684
-0.706741	0.133972
-0.707111	0.114757
-0.707479	0.136598
-0.707825	0.179848
-0.708147	0.209933
-0.708448	0.203617
-0.708838	0.170140
-0.709120	0.127024
-0.709513	0.114325
-0.709930	0.144144
-0.710283	0.189355
-0.710614	0.212592
-0.710925	0.199794
-0.711304	0.159004
-0.711642	0.120175
-0.712026	0.118015
-0.712389	0.151025
-0.712753	0.192646
-0.713230	0.215086
-0.713663	0.196968
-0.714053	0.152920
-0.714465	0.118247
-0.714832	0.118247
-0.715197	0.155015
-0.715581	0.198398
-0.715915	0.215884
-0.716289	0.193477
-0.716662	0.152056
-0.717098	0.116319
-0.717468	0.118713
-0.717906	0.156112
-0.718344	0.198663
-0.718846	0.215318
-0.719302	0.194309
-0.719688	0.148499
-0.719982	0.116020
-0.720339	0.119112
-0.720737	0.155912
-0.721156	0.197300
-0.721618	0.215285
-0.722011	0.196336
-0.722424	0.153087
-0.722812	0.115854
-0.723223	0.115122
-0.723657	0.150460
-0.723999	0.196037
-0.724361	0.216017
-0.724634	0.199860
-0.724994	0.158638
-0.725418	0.119344
-0.725797	0.112829
-0.726221	0.144443
-0.726575	0.188524
-0.726926	0.215252
-0.727361	0.205678
-0.727727	0.168013
-0.728068	0.124697
-0.728431	0.109105
-0.728882	0.132476
-0.729223	0.177155
-0.729560	0.209734
-0.729984	0.211529
-0.730317	0.178385
-0.730737	0.135434
-0.731068	0.108507
-0.731486	0.121439
-0.731878	0.163625
-0.732202	0.200725
-0.732503	0.215850
-0.732825	0.191682
-0.733257	0.150294
-0.733622	0.113793
-0.733940	0.111565
-0.734300	0.147036
-0.734655	0.189189
-0.735027	0.217313
-0.735352	0.204780
-0.735652	0.168711
-0.736016	0.125494
-0.736357	0.108108
-0.736698	0.129184
-0.737039	0.170839
-0.737357	0.206276
-0.737721	0.213723
-0.738017	0.187826
-0.738334	0.144377
-0.738653	0.110934
-0.739062	0.113128
-0.739404	0.148998
-0.739658	0.190685
-0.739912	0.214787
-0.740277	0.206841
-0.740641	0.169708
-0.740957	0.125295
-0.741273	0.106845
-0.741565	0.125428
-0.741901	0.168777
-0.742235	0.205146
-0.742612	0.218477
-0.742989	0.193444
-0.743299	0.148333
-0.743563	0.112795
-0.743890	0.110834
-0.744192	0.140853
-0.744450	0.183637
-0.744819	0.212626
-0.745212	0.212027
-0.745583	0.176889
-0.745995	0.135301
-0.746337	0.107443
-0.746678	0.115787
-0.747042	0.153751
-0.747362	0.196004
-0.747726	0.217380
-0.748042	0.205911
-0.748378	0.166251
-0.748757	0.124530
-0.749043	0.104917
-0.749373	0.122735
-0.749679	0.162295
-0.749942	0.201190
-0.750250	0.217513
-0.750581	0.199229
-0.750955	0.157907
-0.751305	0.116951
-0.751655	0.105881
-0.752027	0.126492
-0.752334	0.168046
-0.752663	0.206343
-0.752946	0.217114
-0.753227	0.193644
-0.753552	0.152122
-0.753923	0.114690
-0.754292	0.105947
-0.754660	0.129617
-0.754981	0.173498
-0.755343	0.206775
-0.755681	0.214354
-0.755907	0.193278
-0.756221	0.150759
-0.756512	0.115189
-0.756780	0.105216
-0.757048	0.129550
-0.757339	0.170972
-0.757563	0.206143
-0.757899	0.217446
-0.758256	0.195971
-0.758613	0.155048
-0.758927	0.116785
-0.759174	0.103354
-0.759441	0.125395
-0.759776	0.165985
-0.760045	0.202919
-0.760335	0.217479
-0.760622	0.200525
-0.760884	0.162927
-0.761186	0.123467
-0.761509	0.103953
-0.761810	0.116685
-0.762133	0.154483
-0.762478	0.195705
-0.762778	0.216150
-0.763077	0.209168
-0.763376	0.177321
-0.763717	0.133839
-0.763920	0.105648
-0.764253	0.108906
-0.764515	0.139556
-0.764887	0.183205
-0.765145	0.212393
-0.765486	0.214654
-0.765801	0.191782
-0.765958	0.149662
-0.766205	0.115688
-0.766454	0.104352
-0.766747	0.123400
-0.767083	0.162627
-0.767330	0.200758
-0.767596	0.217612
-0.767882	0.205478
-0.768166	0.173398
-0.768405	0.130647
-0.768645	0.104950
-0.768954	0.108042
-0.769286	0.138825
-0.769528	0.180180
-0.769769	0.210332
-0.770097	0.214587
-0.770377	0.193544
-0.770722	0.155048
-0.771087	0.118314
-0.771366	0.103653
-0.771688	0.115854
-0.771940	0.152588
-0.772255	0.191849
-0.772613	0.215651
-0.772838	0.213158
-0.773086	0.185133
-0.773534	0.144177
-0.773828	0.111000
-0.774123	0.102423
-0.774442	0.122669
-0.774759	0.160733
-0.775008	0.197300
-0.775281	0.216615
-0.775642	0.209069
-0.775939	0.176158
-0.776303	0.138659
-0.776711	0.107842
-0.777010	0.104119
-0.777308	0.126691
-0.777587	0.163292
-0.777935	0.203683
-0.778243	0.217313
-0.778620	0.207839
-0.779043	0.176424
-0.779400	0.136132
-0.779822	0.106612
-0.780200	0.103653
-0.780532	0.124830
-0.780819	0.163957
-0.781173	0.200725
-0.781527	0.219274
-0.781858	0.208504
-0.782232	0.177953
-0.782538	0.139058
-0.782861	0.110601
-0.783206	0.102290
-0.783570	0.122602
-0.783864	0.158106
-0.784224	0.194940
-0.784561	0.216017
-0.784830	0.212892
-0.785052	0.186097
-0.785294	0.148100
-0.785600	0.114225
-0.785948	0.102024
-0.786208	0.115388
-0.786489	0.147834
-0.786833	0.185067
-0.787019	0.212626
-0.787294	0.214554
-0.787544	0.196004
-0.787793	0.163658
-0.788152	0.124530
-0.788420	0.104352
-0.788751	0.105748
-0.789079	0.130448
-0.789429	0.167514
-0.789713	0.202187
-0.789951	0.215850
-0.790254	0.209667
-0.790533	0.181676
-0.790832	0.144078
-0.791105	0.113061
-0.791352	0.101759
-0.791639	0.113593
-0.791902	0.143413
-0.792165	0.181344
-0.792427	0.208171
-0.792731	0.218477
-0.792988	0.202852
-0.793221	0.171005
-0.793518	0.135401
-0.793745	0.106712
-0.794081	0.100994
-0.794324	0.119610
-0.794584	0.149928
-0.794863	0.186862
-0.795141	0.211263
-0.795441	0.216183
-0.795650	0.199229
-0.795858	0.168711
-0.796131	0.132542
-0.796357	0.106812
-0.796514	0.102423
-0.796734	0.120342
-0.796909	0.154915
-0.797149	0.188026
-0.797366	0.212792
-0.797625	0.216814
-0.797904	0.198929
-0.798115	0.166251
-0.798328	0.131811
-0.798521	0.107576
-0.798693	0.101326
-0.798999	0.115953
-0.799240	0.150660
-0.799437	0.184535
-0.799699	0.209434
-0.800006	0.216881
-0.800293	0.202121
-0.800537	0.174030
-0.800735	0.138094
-0.801020	0.110202
-0.801302	0.099864
-0.801584	0.110701
-0.801886	0.138825
-0.802119	0.172667
-0.802345	0.202520
-0.802570	0.217180
-0.802794	0.211961
-0.803018	0.188391
-0.803241	0.155081
-0.803464	0.122070
-0.803687	0.103321
-0.803910	0.103986
-0.804132	0.124896
-0.804354	0.156311
-0.804575	0.187893
-0.804797	0.213424
-0.805018	0.215917
-0.805239	0.204082
-0.805460	0.172966
-0.805680	0.139457
-0.805901	0.112130
-0.806122	0.099033
-0.806342	0.109471
-0.806563	0.132043
-0.806783	0.165952
-0.807004	0.195871
-0.807225	0.214354
-0.807445	0.215950
-0.807666	0.198098
-0.807887	0.168212
-0.808109	0.133473
-0.808330	0.111532
-0.808552	0.100063
-0.808774	0.109604
-0.808996	0.133041
-0.809218	0.165919
-0.809441	0.193910
-0.809665	0.212592
-0.809888	0.214421
-0.810112	0.197965
-0.810337	0.170473
-0.810562	0.140022
-0.810787	0.112596
-0.811013	0.101459
-0.811240	0.105914
-0.811467	0.126292
-0.811695	0.154782
-0.811923	0.185798
-0.812152	0.208736
-0.812382	0.213856
-0.812612	0.207805
-0.812844	0.183903
-0.813076	0.152056
-0.813308	0.123068
-0.813542	0.104285
-0.813777	0.100894
-0.814012	0.114856
-0.814248	0.140288
-0.814485	0.169775
-0.814723	0.197300
-0.814963	0.213856
-0.815203	0.216083
-0.815444	0.200725
-0.815686	0.175227
-0.815929	0.143113
-0.816174	0.118447
-0.816420	0.103254
-0.816666	0.102024
-0.816914	0.118148
-0.817163	0.143546
-0.817414	0.174529
-0.817666	0.199495
-0.817919	0.213723
-0.818173	0.214753
-0.818429	0.199295
-0.818686	0.174529
-0.818945	0.145274
-0.819205	0.119411
-0.819466	0.101626
-0.819729	0.102091
-0.819994	0.114723
-0.820260	0.140055
-0.820527	0.166052
-0.820796	0.195040
-0.821067	0.210432
-0.821340	0.216349
-0.821614	0.204481
-0.821890	0.183538
-0.822168	0.157142
-0.822447	0.128686
-0.822728	0.107842
-0.823011	0.100894
-0.823296	0.106213
-0.823583	0.126691
-0.823872	0.151757
-0.824162	0.179715
-0.824455	0.205279
-0.824749	0.214321
-0.825046	0.212659
-0.825344	0.196735
-0.825645	0.172933
-0.825948	0.145208
-0.826252	0.121705
-0.826559	0.103321
